id,current,real_power_from,reactive_power_from,real_power_to,reactive_power_to,resistance,reactance,susceptance,rateA,rateB,rateC,ratio,angle,angmin,angmax
1,136.35066878727682,0.0,-11.130382741996847,-29.67942773080562,8.721592370608047,0.02,0.06,0.03,130.0,130.0,130.0,0.0,0.0,-360.0,360.0
2,1.1496008528983401,1.6113909779105241E-6,0.2688075565571695,8.033249168184033E-4,-2.260933542369493,0.05,0.19,0.02,130.0,130.0,130.0,0.0,0.0,-360.0,360.0
3,28.131370471055643,-6.002546418529442,2.6903178611084044,6.032335824183011,-4.600731879345011,0.06,0.17,0.02,65.0,65.0,65.0,0.0,0.0,-360.0,360.0
4,11.252403342373185,-2.400801356609822,1.0609333346068472,2.401493632766327,-1.0581642299808263,0.01,0.04,0.0,130.0,130.0,130.0,0.0,0.0,-360.0,360.0
5,9.37804432298804,7.114321352474917E-4,-2.192838532404995,9.935209427348272E-15,0.19090757107540013,0.05,0.2,0.02,130.0,130.0,130.0,0.0,0.0,-360.0,360.0
6,238.9008121140914,0.0,18.051135438536164,-50.96994040191158,-14.24679907647493,0.06,0.18,0.02,65.0,65.0,65.0,0.0,0.0,-360.0,360.0
7,190.79114193261583,0.0,13.323150520300567,-41.30586492220735,-12.527054967600826,0.01,0.04,0.0,90.0,90.0,90.0,0.0,0.0,-360.0,360.0
8,0.0,0.0,0.0,0.0,0.0,0.05,0.12,0.01,70.0,70.0,70.0,0.0,0.0,-360.0,360.0
9,0.0,0.0,0.0,0.0,0.0,0.03,0.08,0.01,130.0,130.0,130.0,0.0,0.0,-360.0,360.0
10,0.0,0.0,0.0,0.0,0.0,0.01,0.04,0.0,32.0,32.0,32.0,0.0,0.0,-360.0,360.0
11,0.0,0.0,0.0,0.0,0.0,0.0,0.21,0.0,65.0,65.0,65.0,0.0,0.0,-360.0,360.0
12,0.0,0.0,0.0,0.0,0.0,0.0,0.56,0.0,32.0,32.0,32.0,0.0,0.0,-360.0,360.0
13,0.0,0.0,0.0,0.0,0.0,0.0,0.21,0.0,65.0,65.0,65.0,0.0,0.0,-360.0,360.0
14,43.263170621574034,0.0,-3.951694274597732,-9.096103975155705,4.06426310805696,0.0,0.11,0.0,65.0,65.0,65.0,0.0,0.0,-360.0,360.0
15,70.91837581529786,-16.033820112473247,4.058914547891525,16.033820112473247,-3.3439579123914043,0.0,0.26,0.0,65.0,65.0,65.0,0.0,0.0,-360.0,360.0
16,163.63834819004467,-36.999999285359834,-7.7002056945905455,36.999999285359834,9.749890120870491,0.0,0.14,0.0,65.0,65.0,65.0,0.0,0.0,-360.0,360.0
17,28.065657685771416,6.251679433331071,1.7119728719029361,-6.19999967364809,-1.6000000592564734,0.12,0.26,0.0,32.0,32.0,32.0,0.0,0.0,-360.0,360.0
18,35.82055439208297,0.0,3.4351295542959965,7.543890165992252,-3.343929152803045,0.07,0.13,0.0,32.0,32.0,32.0,0.0,0.0,-360.0,360.0
19,17.16111386685256,3.514491628941552,1.8322040022129933,-3.499999831768601,-1.8000000084953225,0.09,0.2,0.0,32.0,32.0,32.0,0.0,0.0,-360.0,360.0
20,17.693654183221856,0.0,0.5741130785837397,4.036181603924391,-0.5398793772735723,0.22,0.2,0.0,16.0,16.0,16.0,0.0,0.0,-360.0,360.0
21,26.480687101840218,0.0,-2.0777288447174564,-5.653422417317758,2.1505740366658026,0.08,0.19,0.0,16.0,16.0,16.0,0.0,0.0,-360.0,360.0
22,0.0,0.0,0.0,0.0,0.0,0.11,0.22,0.0,16.0,16.0,16.0,0.0,0.0,-360.0,360.0
23,0.0,0.0,0.0,0.0,0.0,0.06,0.13,0.0,16.0,16.0,16.0,0.0,0.0,-360.0,360.0
24,0.0,0.0,0.0,0.0,0.0,0.03,0.07,0.0,32.0,32.0,32.0,0.0,0.0,-360.0,360.0
25,0.0,0.0,0.0,0.0,0.0,0.09,0.21,0.0,32.0,32.0,32.0,0.0,0.0,-360.0,360.0
26,0.0,0.0,0.0,0.0,0.0,0.03,0.08,0.0,32.0,32.0,32.0,0.0,0.0,-360.0,360.0
27,0.0,0.0,0.0,0.0,0.0,0.03,0.07,0.0,32.0,32.0,32.0,0.0,0.0,-360.0,360.0
28,44.15931415197394,0.0,-9.706250258279304,3.0458557182512624,9.866178326004698,0.07,0.15,0.0,32.0,32.0,32.0,0.0,0.0,-360.0,360.0
29,0.0,0.0,0.0,0.0,0.0,0.01,0.02,0.0,32.0,32.0,32.0,0.0,0.0,-360.0,360.0
30,37.163239710891176,-8.199998962638201,-2.4999965918241416,8.275510954282318,2.6510205751123728,0.1,0.2,0.0,16.0,16.0,16.0,0.0,0.0,-360.0,360.0
31,39.73284061660109,0.0,8.631786175448594,3.5397994019018126,-8.476418550420364,0.12,0.18,0.0,16.0,16.0,16.0,0.0,0.0,-360.0,360.0
32,34.949397218449626,0.0,6.1202170513523,-5.328556868839788,-5.9399020184823605,0.13,0.27,0.0,16.0,16.0,16.0,0.0,0.0,-360.0,360.0
33,0.0,0.0,0.0,0.0,0.0,0.19,0.33,0.0,16.0,16.0,16.0,0.0,0.0,-360.0,360.0
34,0.0,0.0,0.0,0.0,0.0,0.25,0.38,0.0,16.0,16.0,16.0,0.0,0.0,-360.0,360.0
35,0.0,0.0,0.0,0.0,0.0,0.11,0.21,0.0,16.0,16.0,16.0,0.0,0.0,-360.0,360.0
36,0.0,0.0,0.0,0.0,0.0,0.0,0.4,0.0,65.0,65.0,65.0,0.0,0.0,-360.0,360.0
37,0.0,0.0,0.0,0.0,0.0,0.22,0.42,0.0,16.0,16.0,16.0,0.0,0.0,-360.0,360.0
38,0.0,0.0,0.0,0.0,0.0,0.32,0.6,0.0,16.0,16.0,16.0,0.0,0.0,-360.0,360.0
39,0.0,0.0,0.0,0.0,0.0,0.24,0.45,0.0,16.0,16.0,16.0,0.0,0.0,-360.0,360.0
40,0.0,0.0,0.0,0.0,0.0,0.06,0.2,0.02,32.0,32.0,32.0,0.0,0.0,-360.0,360.0
41,12.363970708097785,0.0,-2.7368379875190976,0.6512944138720519,1.7921179504050309,0.02,0.06,0.01,32.0,32.0,32.0,0.0,0.0,-360.0,360.0
